4.462306499481201172e+00 -4.515707492828369141e+00
-4.462307929992675781e+00 -4.515709400177001953e+00
-4.462425231933593750e+00 4.323663711547851562e+00
4.462425708770751953e+00 4.323663711547851562e+00
5.644360542297363281e+00 -2.893100738525390625e+00
3.709372043609619141e+00 -5.151536941528320312e+00
2.865037202835083008e+00 -5.663126945495605469e+00
1.950143218040466309e+00 -6.037711143493652344e+00
9.872290492057800293e-01 -6.266267299652099609e+00
-3.332444862280681264e-07 -6.343024253845214844e+00
-9.872294068336486816e-01 -6.266267299652099609e+00
-1.950144052505493164e+00 -6.037711143493652344e+00
-2.865037679672241211e+00 -5.663127422332763672e+00
-3.709373235702514648e+00 -5.151536941528320312e+00
-5.105324268341064453e+00 -3.770795822143554688e+00
-5.622772693634033203e+00 -2.935425043106079102e+00
-6.001613140106201172e+00 -2.029984951019287109e+00
-6.232830047607421875e+00 -1.076741814613342285e+00
-6.310439109802246094e+00 -9.912914782762527466e-02
-6.232841014862060547e+00 8.788246512413024902e-01
-6.001644134521484375e+00 1.832949280738830566e+00
-5.622829437255859375e+00 2.739809036254882812e+00
-5.105424880981445312e+00 3.576873779296875000e+00
5.101902961730957031e+00 3.581676483154296875e+00
5.617383480072021484e+00 2.750383377075195312e+00
5.996070384979248047e+00 1.849875211715698242e+00
6.229050159454345703e+00 9.022583365440368652e-01
6.310369014739990234e+00 -6.947261840105056763e-02
6.238349914550781250e+00 -1.041587471961975098e+00
6.014433860778808594e+00 -1.990480542182922363e+00
5.119366645812988281e+00 -3.751592636108398438e+00
-3.709492921829223633e+00 4.961351394653320312e+00
-2.865169048309326172e+00 5.474613189697265625e+00
-1.950250387191772461e+00 5.850461483001708984e+00
-9.872917532920837402e-01 6.079852104187011719e+00
1.034584755643663811e-07 6.156864643096923828e+00
9.872918128967285156e-01 6.079852104187011719e+00
1.950250625610351562e+00 5.850461483001708984e+00
2.865169286727905273e+00 5.474613189697265625e+00
3.709493398666381836e+00 4.961351394653320312e+00
